1.项目概述
  该项目的名称为线性时间选择算法。
  该项目的目的为给定线性序集中n个元素和一个整数k(1≤k≤n)，要求找出这n个元素中第k小的元素，即如果将这n个元素依其线性序排序时，排在第k个位置的元素即为要找的元素。
  该项目的功能为输出所输入元素中第k小的元素。
2.文件说明
  此项目使用递归与分治方法设计与实现。
3.使用指南
  输入元素个数，元素和k值，可得出第k小的元素。
4.示例
输入元素的个数：
100
输入元素：
917 830 750 564 274 971 296 541 977 278 588 602 807 915 648 976 864 367 225 480 816 834 190 973 70 363 660 215 842 738 227 983 600 236 553 388 357 10 518 429 489 955 448 880 878 156 72 755 353 557 236 89 318 430 830 111 160 321 717 391 57 633 570 132 287 804 646 88 257 469 242 211 336 205 184 293 585 603 456 533 521 361 276 298 954 673 152 778 310 536 925 122 977 474 213 510 299 998 756 833
输入整数k：
50
输出：
第k小的数是：480